0.47920562769091746 0.4969882512782212 0.9999999999 
0.5421641318577031 0.7590267894737331 0.9999999999 
0.8235480252002425 0.15624529798918618 0.9999999999 
0.49244486903501883 0.4291615008244771 0.9999999999 
0.5091184656349796 0.44593960261744936 0.9999999999 
0.6883946649757722 0.9449660910968034 0.9999999999 
0.9003771664868142 0.2895102008201218 0.9999999999 
0.9094365088311224 0.22602971518690618 0.9999999999 
0.9675501310719165 0.5884816295529681 0.9999999999 
0.5425546336697276 0.320866523207331 0.9999999999 
0.9422244104615132 0.7469388424574893 0.9999999999 
0.639142952024951 0.5175199620874407 0.9999999999 
0.8087358011826719 0.9275195113996587 0.9999999999 
0.9209990438506281 0.9889484138135061 0.9999999999 
0.7802103950195466 0.5242750951279533 0.9999999999 
0.4163477081130488 0.4292203702170514 0.9999999999 
0.7102577647922327 0.5922284134106818 0.9999999999 
0.5124599395796638 0.3310530867799506 0.9999999999 
0.32517422906821913 0.8460241658520959 0.9999999999 
0.6831219193307916 0.07932928925488536 0.9999999999 
0.57449635891681 0.39710388929538254 0.9999999999 
0.677263176694043 0.34277169497324 0.9999999999 
0.4474631817306951 0.6972713162191866 0.9999999999 
0.5269061229564249 0.9336900639480086 0.9999999999 
0.9881985858189754 0.09725006020057392 0.9999999999 
0.7729316738200543 0.5226016806737213 0.9999999999 
0.8928473376158664 0.8152123575978822 0.9999999999 
0.5229043630275191 0.5700031738089698 0.9999999999 
0.8618178769941971 0.6495215245255025 0.9999999999 
0.8940882962461917 0.9159381265973019 0.9999999999 
0.3979339535340054 0.5256300220465158 0.9999999999 
0.9497232119489888 0.7444538700259449 0.9999999999 
0.24100422934523347 0.8989703846883909 0.9999999999 
0.7011697917523955 0.32164216717401184 0.9999999999 
0.5800517099139852 0.5146167695787633 0.9999999999 
0.5327493374495684 0.46372389731708474 0.9999999999 
0.8512187059801334 0.9099215301472469 0.9999999999 
0.8502704025799634 0.7380251186677557 0.9999999999 
0.4035677354936503 0.25805855397896416 0.9999999999 
0.31408571807355345 0.9649256283725777 0.9999999999 
0.5055357249298771 0.8614107951356397 0.9999999999 
0.5252341531202795 0.32302229270670213 0.9999999999 
0.7459727740459651 0.6896962510253456 0.9999999999 
0.25186725311665614 0.8265455249508665 0.9999999999 
0.6067256939256072 0.7058926647695631 0.9999999999 
0.39116218851236473 0.3666360171481452 0.9999999999 
0.8176117098370016 0.767497381696803 0.9999999999 
0.461722343043542 0.8680738650576195 0.9999999999 
0.26904346779595023 0.9832601393495752 0.9999999999 
0.40866801091410776 0.9067154510886203 0.9999999999 
0.9058171093007856 0.19867008300904376 0.9999999999 
0.4953980641883624 0.8754365704773166 0.9999999999 
0.3873493733621529 0.9944794147218864 0.9999999999 
0.7085161863695555 0.4806450244903149 0.9999999999 
0.6787339615690859 0.5311161035267226 0.9999999999 
0.9044227097000898 0.4275776989784642 0.9999999999 
0.5265390751806661 0.015168588103694036 0.9999999999 
0.8300089012034827 0.3666132530856636 0.9999999999 
0.33301834423930676 0.532862326467725 0.9999999999 
0.5789597070501823 0.3111756886561349 0.9999999999 
0.37658194572481096 0.8850784720705914 0.9999999999 
0.9459494851366239 0.7685110142170349 0.9999999999 
0.6402647034660824 0.45112488888414815 0.9999999999 
0.38166176006114727 0.6773504442600436 0.9999999999 
0.6872131576410271 0.36126600564764655 0.9999999999 
0.574390024643589 0.4647347142499886 0.9999999999 
0.5435313840248309 0.8224219536566623 0.9999999999 
0.46663997219042663 0.5469235437604053 0.9999999999 
0.4391072174983037 0.3577018301943473 0.9999999999 
0.615314972268107 0.2715736203398945 0.9999999999 
0.47503997614764015 0.36168000925599575 0.9999999999 
0.5395908781354922 0.430910915857607 0.9999999999 
0.9888028381645751 0.01537417181836509 0.9999999999 
0.9576978600088782 0.4882899551479014 0.9999999999 
0.4485604256810135 0.2557488618666641 0.9999999999 
0.9615668824444692 0.6162930408936924 0.9999999999 
0.6829987962125385 0.800614425828964 0.9999999999 
0.6539216255217919 0.6702071151431894 0.9999999999 
0.5206044669068692 0.9746676948883168 0.9999999999 
0.5762225403841914 0.40470508100667546 0.9999999999 
0.9607639784965164 0.42561166012714957 0.9999999999 
0.8847185274034738 0.6508223505535005 0.9999999999 
0.5836343119581957 0.793045329462499 0.9999999999 
0.7569607288178932 0.727788568356098 0.9999999999 
0.5218053835752479 0.7961870494177419 0.9999999999 
0.45096138752701953 0.09264340972787621 0.9999999999 
0.7800737350576453 0.3483120058522666 0.9999999999 
0.8512229439486776 0.33624027647037424 0.9999999999 
0.7687924698922856 0.8837775881161118 0.9999999999 
0.8998864500903727 0.2758300979065985 0.9999999999 
0.9109863520064453 0.9862432873025188 0.9999999999 
0.8443077882126826 0.34035504649384307 0.9999999999 
0.32579230018377725 0.5248600604311441 0.9999999999 
0.6760361313854737 0.9630037036495078 0.9999999999 
0.8411195879034885 0.9337958888580976 0.9999999999 
0.5094462063117661 0.34230186792705697 0.9999999999 
0.7733186952636176 0.5467945430999025 0.9999999999 
0.9265906094148498 0.818159557479465 0.9999999999 
0.2574444500043531 0.896453504028591 0.9999999999 
0.582840997603046 0.45553418992495165 0.9999999999 
0.7411770346353896 0.6793726400335209 0.9999999999 
0.8910038230020291 0.51804174171481 0.9999999999 
0.6303680372135582 0.571246953720652 0.9999999999 
0.6596817747096678 0.20772715594441016 0.9999999999 
0.5630054514543233 0.15510476253260397 0.9999999999 
0.3587849937275336 0.47855141781144617 0.9999999999 
0.32924896476732957 0.9065062096131048 0.9999999999 
0.6256988286394113 0.6790742507507629 0.9999999999 
0.573379578564665 0.9714778804413915 0.9999999999 
0.7178498950595933 0.3205554873466814 0.9999999999 
0.6076943292388185 0.5356408587185086 0.9999999999 
0.942740715928756 0.7483957121119628 0.9999999999 
0.4365209644587563 0.5587874060642304 0.9999999999 
0.6922942256255075 0.5458080737357794 0.9999999999 
0.5390752550396324 0.8322258169760812 0.9999999999 
0.47045821329559534 0.5262591625681827 0.9999999999 
0.9059071701426662 0.07827053508067261 0.9999999999 
0.8824520547176711 0.8691996514901807 0.9999999999 
0.5358155002588563 0.5228340147484511 0.9999999999 
0.4760406953897066 0.5715937336966106 0.9999999999 
0.6902996093250577 0.7355886131952365 0.9999999999 
0.7604002550972829 0.4543572010777819 0.9999999999 
0.3136052054137437 0.568063430135939 0.9999999999 
0.8206839738650055 0.8684309131149506 0.9999999999 
0.6473108544121781 0.029664186214322763 0.9999999999 
0.30070090876048894 0.9502236888895015 0.9999999999 
0.6599601882660433 0.43116686057837916 0.9999999999 
0.8200620852886171 0.1653821043574144 0.9999999999 
0.46359777705776795 0.34946759237725955 0.9999999999 
0.5509385267415919 0.21772635143291674 0.9999999999 
0.5566616791488372 0.6816182854791816 0.9999999999 
0.4832757426144273 0.6020906345659898 0.9999999999 
0.6247252588400226 0.6438869123155302 0.9999999999 
0.45572758284052917 0.17933411420331835 0.9999999999 
0.47737314190511826 0.07053304255471071 0.9999999999 
0.5399214429584628 0.3553844567024508 0.9999999999 
0.790905143986037 0.6997615017648844 0.9999999999 
0.4385109691395397 0.6443878422445993 0.9999999999 
0.3754987001743033 0.7555392125108871 0.9999999999 
0.6518933562505633 0.496501163652434 0.9999999999 
0.2871284806647405 0.5806134685837753 0.9999999999 
0.6989811295905684 0.35688386452533005 0.9999999999 
0.42977236908933814 0.375213159310431 0.9999999999 
0.8931221618168497 0.2684489348009096 0.9999999999 
0.7575996373040333 0.16672521630122383 0.9999999999 
0.6227708961249653 0.5179489544500986 0.9999999999 
0.9895395578074475 0.6652035119843993 0.9999999999 
0.6049855234926947 0.7427188006698525 0.9999999999 
0.3343184121609676 0.9206189119631095 0.9999999999 
0.6554939580166703 0.88329677113653 0.9999999999 
0.9838703989169516 0.897335465136552 0.9999999999 
0.2172776007990589 0.9797708961000571 0.9999999999 
0.9317637984236719 0.6868487784534653 0.9999999999 
0.9154682653557032 0.5271282622138143 0.9999999999 
0.34175038549887415 0.9937638501195956 0.9999999999 
0.30437854032702605 0.602633015496254 0.9999999999 
0.8088690806248 0.12759881949091212 0.9999999999 
0.8720120864813936 0.38505036235073875 0.9999999999 
0.6139407692618464 0.8041276316924848 0.9999999999 
0.6180775836491958 0.8301276125552014 0.9999999999 
0.6386812307706108 0.3079183817331438 0.9999999999 
0.5659943357904863 0.8179047056389 0.9999999999 
0.8347443866580441 0.49154478187422035 0.9999999999 
0.28971896972473865 0.9452171389444165 0.9999999999 
0.8164268129745172 0.8297506013577679 0.9999999999 
0.38804938941858136 0.45021454595723565 0.9999999999 
0.9747115775735529 0.5907687288790177 0.9999999999 
0.5332972275182254 0.2490686427637947 0.9999999999 
0.5581738429656087 0.5470832269124108 0.9999999999 
