0.12563677876010526 0.7673663243395383 1.0E-10 
0.14513726989892606 0.03922261512557568 1.0E-10 
0.1458158165695923 0.46679380536986315 1.0E-10 
0.1023741236373833 0.9656884263672695 1.0E-10 
0.005256629233381882 0.2216722827048092 1.0E-10 
0.21582900235610147 0.5216443842389717 1.0E-10 
0.2460848182154426 0.3973351230475892 1.0E-10 
0.13048804020049298 0.6746248496853828 1.0E-10 
0.056403384972399606 0.8610488145466203 1.0E-10 
0.08854689709405994 0.24839219500749898 1.0E-10 
0.19757915931435843 0.6094147097052298 1.0E-10 
0.17230790085074144 0.6781526597695626 1.0E-10 
0.2637169157607837 0.29923955641118327 1.0E-10 
0.22665307905998144 0.7435189998902426 1.0E-10 
0.26896661764716145 0.2993679947067408 1.0E-10 
0.006128857261359366 0.8145608118009413 1.0E-10 
0.2665564830640974 0.039842983923332964 1.0E-10 
0.2334787273614478 0.6083613055364406 1.0E-10 
0.20954651311649986 0.611464300996026 1.0E-10 
0.09502797779364414 0.5383851824130971 1.0E-10 
0.03792157882612157 0.5430319388767189 1.0E-10 
0.017575382504181114 0.27011435098385417 1.0E-10 
0.023516161743005193 0.6660611932583561 1.0E-10 
0.1172220138316632 0.8494693635665707 1.0E-10 
0.021015577341383262 0.1374904383362865 1.0E-10 
0.19397343948966794 0.8688003619904637 1.0E-10 
0.35233088800970236 0.1259752273568967 1.0E-10 
0.2426743540915164 0.6376159919025013 1.0E-10 
0.10656722966848398 0.7007340676427847 1.0E-10 
0.21059070692648052 0.11027710041640348 1.0E-10 
0.020818724343554473 0.19311220498612536 1.0E-10 
0.048967166680274676 0.8443560783241034 1.0E-10 
0.050464658543933005 0.45138951295873475 1.0E-10 
0.09663802269124855 0.7316528427876372 1.0E-10 
0.09216746756294258 0.4095684904660285 1.0E-10 
0.21187236800324438 0.6541802114063526 1.0E-10 
0.009287158946131524 0.9724537318451593 1.0E-10 
0.07108184732001832 0.6150898028023667 1.0E-10 
0.15236155106122307 0.6077053921421592 1.0E-10 
0.0026747617909720356 0.8209028716481508 1.0E-10 
0.2786694464177998 0.2649589237850569 1.0E-10 
0.21386438273539288 0.5915481664730046 1.0E-10 
0.05768301662102926 0.8731815364789954 1.0E-10 
0.2640522834073121 0.4920810158456954 1.0E-10 
0.045754121050570196 0.7801887321906961 1.0E-10 
0.09804125796572716 0.7990676799954158 1.0E-10 
0.20073789945564202 0.7213483883623605 1.0E-10 
0.19718377921640995 0.03759194938119825 1.0E-10 
0.2280882215337391 0.09373129252713008 1.0E-10 
0.19619968366479024 0.4988967378538518 1.0E-10 
0.17513322858963887 0.6824376903917678 1.0E-10 
0.21842978119409195 0.04370758850111145 1.0E-10 
0.2768197920980846 0.16073161547007153 1.0E-10 
0.11989671940351365 0.6799728685772342 1.0E-10 
0.09932211484638243 0.8494044016513469 1.0E-10 
0.15239763593383115 0.5438317453244942 1.0E-10 
0.21333665439359462 0.10078835135140662 1.0E-10 
0.1441905783873616 0.02453474781850351 1.0E-10 
0.3090108745786687 0.17850287782612817 1.0E-10 
0.10207902219784282 0.6633325856266205 1.0E-10 
0.025839349012486634 0.17389052269385963 1.0E-10 
0.020181169566670487 0.4924950445257905 1.0E-10 
0.101324353935757 0.870445673245248 1.0E-10 
0.38569100603719186 0.023476909225680243 1.0E-10 
0.07590152641827441 0.09937113134779252 1.0E-10 
0.09583299134489398 0.025359857863125446 1.0E-10 
0.10812966519384959 0.42454367195067555 1.0E-10 
0.27086722590518864 0.5554409287892529 1.0E-10 
0.06671678845228057 0.8378424425127998 1.0E-10 
0.11845511157578958 0.23682512942414413 1.0E-10 
0.0383955050723811 0.3149843925008342 1.0E-10 
0.13480582723860712 0.43802242646847356 1.0E-10 
0.12965153862702994 0.554643089995745 1.0E-10 
0.27074091680620604 0.29535074925246363 1.0E-10 
0.33319339228346334 6.396681392335513E-4 1.0E-10 
0.17243258608007606 0.36402958086077475 1.0E-10 
0.24095773096206474 0.725776032050784 1.0E-10 
0.03726572724244537 0.5405988589752321 1.0E-10 
0.1179660395825719 0.16673538814483846 1.0E-10 
0.1386583363303544 0.5347148909630172 1.0E-10 
0.03354849836185447 0.5126320768997709 1.0E-10 
